[ 6298.804124] [Project1] 5417 1588312769.449765991 1588312770.118926761
[ 6300.403090] [Project1] 5418 1588312770.801788926 1588312771.718115887
[ 6302.887493] [Project1] 5437 1588312773.410545655 1588312774.202873516
[ 6304.693156] [Project1] 5439 1588312775.076348282 1588312776.008789862
[ 6306.414534] [Project1] 5449 1588312776.814824131 1588312777.730409216
[ 6308.100895] [Project1] 5460 1588312778.487467671 1588312779.417006292
[ 6309.570505] [Project1] 5470 1588312780.110227922 1588312780.886820573
[ 6312.192775] [Project1] 5479 1588312781.837520545 1588312783.509456014
[ 6313.641175] [Project1] 5489 1588312784.219541062 1588312784.958057086
[ 6315.315348] [Project1] 5498 1588312785.771810239 1588312786.632461775
